"Sens Factor =-13.47dB, AGain =18dB, SERNO: 8105623"
10.054	-4.7069
10.179	-4.6129
10.306	-4.52045
10.434	-4.4297
10.564	-4.34045
10.696	-4.2527
10.829	-4.1666
10.964	-4.082
11.1	-3.999
11.238	-3.91745
11.378	-3.83735
11.52	-3.7587
11.663	-3.68155
11.809	-3.60575
11.956	-3.5314
12.104	-3.45855
12.255	-3.387
12.408	-3.3168
12.562	-3.24805
12.718	-3.1806
12.877	-3.1144
13.037	-3.0496
13.199	-2.98605
13.364	-2.92375
13.53	-2.86275
13.698	-2.803
13.869	-2.7444
14.042	-2.68705
14.216	-2.63095
14.393	-2.57595
14.573	-2.5221
14.754	-2.46945
14.938	-2.41785
15.124	-2.36745
15.312	-2.3181
15.503	-2.26985
15.696	-2.22265
15.891	-2.17655
16.089	-2.1314
16.289	-2.08735
16.492	-2.04425
16.697	-2.00215
16.905	-1.961
17.115	-1.9208
17.328	-1.88155
17.544	-1.8432
17.763	-1.8057
17.984	-1.76915
18.208	-1.7335
18.434	-1.6987
18.664	-1.6647
18.896	-1.63155
19.131	-1.5992
19.369	-1.5676
19.611	-1.53675
19.855	-1.50675
20.102	-1.47745
20.352	-1.4489
20.605	-1.42105
20.862	-1.39385
21.122	-1.36735
21.385	-1.3415
21.651	-1.31635
21.92	-1.2918
22.193	-1.26785
22.47	-1.24445
22.749	-1.2217
23.032	-1.1995
23.319	-1.17785
23.609	-1.15675
23.903	-1.1361
24.201	-1.116
24.502	-1.09635
24.807	-1.0772
25.116	-1.0585
25.429	-1.0402
25.745	-1.0224
26.066	-1.0049
26.39	-0.98785
26.719	-0.97115
27.051	-0.95485
27.388	-0.93885
27.729	-0.92315
28.074	-0.9078
28.424	-0.8927
28.778	-0.87785
29.136	-0.86335
29.499	-0.849
29.866	-0.83495
30.238	-0.82105
30.614	-0.8074
30.995	-0.7939
31.381	-0.78055
31.772	-0.76735
32.167	-0.7543
32.568	-0.7413
32.973	-0.72845
33.383	-0.7157
33.799	-0.703
34.22	-0.6903
34.646	-0.6777
35.077	-0.6651
35.514	-0.6522
35.956	-0.6395
36.403	-0.6269
36.857	-0.61445
37.315	-0.602
37.78	-0.58965
38.25	-0.5773
38.726	-0.56495
39.209	-0.5526
39.697	-0.54015
40.191	-0.52755
40.691	-0.51485
41.198	-0.5022
41.711	-0.48975
42.23	-0.47755
42.756	-0.46575
43.288	-0.45435
43.827	-0.44335
44.372	-0.4327
44.925	-0.4224
45.484	-0.4124
46.05	-0.40265
46.623	-0.3932
47.204	-0.384
47.791	-0.37505
48.386	-0.3664
48.989	-0.3579
49.599	-0.3496
50.216	-0.34145
50.841	-0.3334
51.474	-0.32545
52.115	-0.3176
52.764	-0.30985
53.42	-0.30215
54.085	-0.2945
54.759	-0.2868
55.44	-0.279
56.131	-0.27115
56.829	-0.26315
57.537	-0.25515
58.253	-0.24715
58.978	-0.23935
59.712	-0.23175
60.456	-0.2245
61.208	-0.2176
61.97	-0.2112
62.742	-0.20525
63.523	-0.19985
64.314	-0.1949
65.114	-0.19045
65.925	-0.18645
66.745	-0.1829
67.576	-0.1797
68.418	-0.17675
69.269	-0.1739
70.132	-0.1712
71.005	-0.1685
71.889	-0.16585
72.784	-0.1632
73.69	-0.1607
74.607	-0.15835
75.536	-0.15615
76.476	-0.1542
77.428	-0.1525
78.392	-0.151
79.368	-0.14975
80.356	-0.14865
81.356	-0.1478
82.369	-0.1471
83.394	-0.1466
84.433	-0.14625
85.484	-0.146
86.548	-0.1458
87.625	-0.14565
88.716	-0.1455
89.82	-0.14545
90.939	-0.1454
92.071	-0.14545
93.217	-0.14555
94.377	-0.1458
95.552	-0.1461
96.742	-0.14655
97.946	-0.14705
99.165	-0.1476
100.4	-0.1482
101.65	-0.14885
102.915	-0.14955
104.196	-0.1503
105.493	-0.1511
106.806	-0.15195
108.136	-0.15285
109.482	-0.1538
110.845	-0.15475
112.225	-0.15575
113.622	-0.15685
115.037	-0.1579
116.469	-0.159
117.919	-0.1601
119.386	-0.1612
120.873	-0.1622
122.377	-0.1631
123.901	-0.1639
125.443	-0.16455
127.005	-0.16505
128.586	-0.1654
130.187	-0.16555
131.807	-0.1656
133.448	-0.16555
135.109	-0.1654
136.791	-0.16525
138.494	-0.16505
140.218	-0.16495
141.964	-0.16485
143.731	-0.16485
145.52	-0.165
147.332	-0.16525
149.166	-0.1656
151.023	-0.166
152.903	-0.16645
154.806	-0.1669
156.734	-0.1673
158.685	-0.16775
160.66	-0.1682
162.66	-0.1686
164.685	-0.1691
166.735	-0.1696
168.811	-0.17015
170.912	-0.17075
173.04	-0.1714
175.194	-0.1721
177.375	-0.1728
179.583	-0.1735
181.819	-0.17425
184.082	-0.17505
186.374	-0.17585
188.694	-0.1768
191.043	-0.1778
193.421	-0.1789
195.829	-0.18015
198.267	-0.18145
200.735	-0.1828
203.234	-0.1842
205.764	-0.1857
208.325	-0.1873
210.919	-0.18905
213.544	-0.19075
216.203	-0.1925
218.894	-0.19425
221.619	-0.196
224.378	-0.19765
227.171	-0.19925
229.999	-0.2008
232.862	-0.2023
235.761	-0.20375
238.696	-0.20515
241.668	-0.20645
244.676	-0.20775
247.722	-0.20895
250.806	-0.21015
253.928	-0.21135
257.089	-0.21255
260.29	-0.2138
263.53	-0.215
266.81	-0.21615
270.132	-0.2173
273.495	-0.2185
276.899	-0.21965
280.346	-0.22075
283.836	-0.2218
287.37	-0.2228
290.947	-0.22365
294.569	-0.22445
298.236	-0.2251
301.949	-0.2256
305.708	-0.226
309.513	-0.22615
313.366	-0.22615
317.267	-0.2259
321.217	-0.2253
325.216	-0.22435
329.264	-0.223
333.363	-0.2214
337.513	-0.21945
341.715	-0.21725
345.969	-0.21475
350.276	-0.212
354.636	-0.2092
359.051	-0.20625
363.521	-0.2032
368.046	-0.20005
372.628	-0.1969
377.266	-0.19365
381.963	-0.1903
386.718	-0.18685
391.532	-0.1833
396.406	-0.1797
401.341	-0.17605
406.337	-0.1723
411.395	-0.16855
416.517	-0.16475
421.702	-0.1609
426.951	-0.15695
432.266	-0.15295
437.648	-0.14885
443.096	-0.1447
448.612	-0.14045
454.196	-0.13615
459.851	-0.1318
465.575	-0.1273
471.371	-0.12285
477.239	-0.11835
483.18	-0.1139
489.195	-0.10945
495.285	-0.10505
501.45	-0.1007
507.693	-0.0964
514.013	-0.09225
520.412	-0.08815
526.89	-0.0842
533.449	-0.0804
540.09	-0.0769
546.814	-0.07365
553.621	-0.0707
560.513	-0.068
567.49	-0.0655
574.555	-0.0632
581.707	-0.06105
588.949	-0.05905
596.281	-0.0572
603.703	-0.0555
611.219	-0.05395
618.828	-0.0525
626.531	-0.0512
634.331	-0.05005
642.228	-0.049
650.222	-0.0481
658.317	-0.0473
666.512	-0.0466
674.809	-0.046
683.21	-0.0455
691.715	-0.04505
700.326	-0.04465
709.044	-0.0443
717.871	-0.04395
726.807	-0.0437
735.855	-0.0434
745.016	-0.04305
754.29	-0.0427
763.68	-0.04225
773.187	-0.04175
782.812	-0.04115
792.557	-0.04045
802.424	-0.03965
812.413	-0.0387
822.526	-0.03755
832.766	-0.0362
843.133	-0.03455
853.629	-0.0327
864.255	-0.03055
875.014	-0.0282
885.907	-0.0256
896.935	-0.02275
908.101	-0.01965
919.406	-0.0163
930.851	-0.01275
942.439	-0.00895
954.171	-0.0049
966.049	-0.00055
978.076	0.00405
990.251	0.00895
1002.58	0.02256
1015.06	0.03128
1027.7	0.04032
1040.49	0.04984
1053.44	0.05976
1066.56	0.07
1079.83	0.08056
1093.28	0.09152
1106.89	0.10272
1120.67	0.11432
1134.62	0.12616
1148.74	0.13824
1163.04	0.15064
1177.52	0.1632
1192.18	0.176
1207.02	0.18888
1222.05	0.20184
1237.26	0.21496
1252.66	0.228
1268.25	0.24112
1284.04	0.25416
1300.03	0.2672
1316.21	0.28016
1332.6	0.29312
1349.19	0.30584
1365.98	0.3184
1382.98	0.33072
1400.2	0.34272
1417.63	0.35448
1435.28	0.36592
1453.15	0.37712
1471.24	0.38808
1489.55	0.39888
1508.1	0.40944
1526.87	0.41976
1545.88	0.42992
1565.12	0.43984
1584.6	0.4496
1604.33	0.45912
1624.3	0.4684
1644.52	0.47752
1665	0.4864
1685.72	0.49512
1706.71	0.50368
1727.95	0.51208
1749.47	0.52032
1771.24	0.52856
1793.29	0.5368
1815.62	0.54496
1838.22	0.55312
1861.1	0.56136
1884.27	0.56968
1907.73	0.578
1931.48	0.58664
1955.52	0.59544
1979.87	0.6048
2004.51	0.61472
2029.47	0.62536
2054.73	0.63664
2080.31	0.64864
2106.21	0.66128
2132.43	0.67456
2158.97	0.68848
2185.85	0.70296
2213.06	0.718
2240.61	0.73368
2268.5	0.74992
2296.74	0.76672
2325.33	0.78392
2354.28	0.80168
2383.59	0.81976
2413.26	0.83824
2443.3	0.85704
2473.72	0.87608
2504.51	0.89536
2535.69	0.91496
2567.26	0.93464
2599.22	0.95456
2631.58	0.97464
2664.33	0.99488
2697.5	1.0152
2731.08	1.03568
2765.08	1.05616
2799.5	1.0768
2834.35	1.09736
2869.64	1.11784
2905.36	1.13832
2941.53	1.15872
2978.15	1.17904
3015.22	1.1992
3052.76	1.21928
3090.76	1.2392
3129.24	1.25888
3168.19	1.27832
3207.63	1.29752
3247.56	1.31624
3287.99	1.33432
3328.92	1.3516
3370.36	1.368
3412.32	1.38352
3454.8	1.39808
3497.81	1.41168
3541.35	1.42432
3585.44	1.436
3630.07	1.44664
3675.26	1.45624
3721.01	1.4648
3767.33	1.47232
3814.23	1.47872
3861.72	1.48408
3909.79	1.48848
3958.46	1.49184
4007.74	1.49424
4057.63	1.49568
4108.14	1.49616
4159.28	1.49576
4211.06	1.49432
4263.48	1.492
4316.56	1.48872
4370.29	1.4844
4424.7	1.47912
4479.78	1.47288
4535.55	1.46568
4592.01	1.45752
4649.17	1.44848
4707.05	1.43856
4765.65	1.42784
4824.98	1.41648
4885.04	1.4044
4945.85	1.3916
5007.42	1.37816
5069.76	1.364
5132.87	1.34912
5196.77	1.33352
5261.46	1.3172
5326.96	1.30016
5393.27	1.2824
5460.41	1.26384
5528.39	1.2444
5597.21	1.22416
5666.89	1.20304
5737.43	1.18104
5808.86	1.15824
5881.17	1.13472
5954.38	1.1104
6028.51	1.08536
6103.56	1.0596
6179.54	1.03304
6256.46	1.00584
6334.35	0.97792
6413.2	0.94936
6493.04	0.92024
6573.87	0.89064
6655.71	0.86064
6738.56	0.83032
6822.45	0.79984
6907.38	0.76936
6993.37	0.7392
7080.43	0.70952
7168.57	0.68048
7257.81	0.65208
7348.16	0.62448
7439.63	0.59744
7532.25	0.57088
7626.02	0.54472
7720.95	0.51872
7817.06	0.49264
7914.38	0.46616
8012.9	0.43904
8112.65	0.41136
8213.64	0.38296
8315.89	0.35384
8419.42	0.32408
8524.23	0.29384
8630.34	0.26312
8737.78	0.23208
8846.55	0.20072
8956.68	0.16912
9068.18	0.1376
9181.07	0.1064
9295.36	0.07584
9411.08	0.04584
9528.23	0.01632
9646.85	-0.01288
9766.94	-0.042
9888.53	-0.07112
10011.6	-0.10024
10136.3	-0.12944
10262.4	-0.15888
10390.2	-0.18848
10519.5	-0.2184
10650.5	-0.24864
10783.1	-0.27896
10917.3	-0.30944
11053.2	-0.34008
11190.8	-0.3708
11330.1	-0.40152
11471.2	-0.43256
11614	-0.46408
11758.6	-0.49624
11904.9	-0.5292
12053.1	-0.56312
12203.2	-0.59792
12355.1	-0.6336
12508.9	-0.67
12664.6	-0.70688
12822.3	-0.74424
12981.9	-0.78184
13143.5	-0.8192
13307.1	-0.85632
13472.8	-0.89288
13640.5	-0.92904
13810.3	-0.96464
13982.2	-0.99944
14156.3	-1.03344
14332.5	-1.06672
14511	-1.09952
14691.6	-1.13176
14874.5	-1.1636
15059.7	-1.1952
15247.1	-1.22688
15436.9	-1.2588
15629.1	-1.29088
15823.7	-1.32344
16020.7	-1.356
16220.1	-1.3884
16422	-1.42032
16626.4	-1.45168
16833.4	-1.48208
17043	-1.51144
17255.1	-1.53952
17469.9	-1.56616
17687.4	-1.5912
17907.6	-1.60632
18130.5	-1.62112
18356.2	-1.6356
18584.8	-1.64992
18816.1	-1.66408
19050.3	-1.67824
19287.5	-1.69224
19527.6	-1.70616
19770.7	-1.71992
20016.8	-1.73336

