"Sens Factor =-13.47dB, AGain =18dB, SERNO: 8105623"
"Auto-generated 90-degree calibration file"
10.054	-4.7069
10.179	-4.6129
10.306	-4.5205
10.434	-4.4297
10.564	-4.3404
10.696	-4.2527
10.829	-4.1666
10.964	-4.0820
11.100	-3.9990
11.238	-3.9175
11.378	-3.8373
11.520	-3.7587
11.663	-3.6816
11.809	-3.6058
11.956	-3.5314
12.104	-3.4585
12.255	-3.3870
12.408	-3.3168
12.562	-3.2481
12.718	-3.1806
12.877	-3.1144
13.037	-3.0496
13.199	-2.9861
13.364	-2.9238
13.530	-2.8628
13.698	-2.8030
13.869	-2.7444
14.042	-2.6871
14.216	-2.6309
14.393	-2.5760
14.573	-2.5221
14.754	-2.4695
14.938	-2.4179
15.124	-2.3674
15.312	-2.3181
15.503	-2.2698
15.696	-2.2226
15.891	-2.1766
16.089	-2.1314
16.289	-2.0873
16.492	-2.0442
16.697	-2.0021
16.905	-1.9610
17.115	-1.9208
17.328	-1.8816
17.544	-1.8432
17.763	-1.8057
17.984	-1.7692
18.208	-1.7335
18.434	-1.6987
18.664	-1.6647
18.896	-1.6316
19.131	-1.5992
19.369	-1.5676
19.611	-1.5368
19.855	-1.5068
20.102	-1.4774
20.352	-1.4489
20.605	-1.4210
20.862	-1.3939
21.122	-1.3674
21.385	-1.3415
21.651	-1.3163
21.920	-1.2918
22.193	-1.2678
22.470	-1.2445
22.749	-1.2217
23.032	-1.1995
23.319	-1.1779
23.609	-1.1567
23.903	-1.1361
24.201	-1.1160
24.502	-1.0963
24.807	-1.0772
25.116	-1.0585
25.429	-1.0402
25.745	-1.0224
26.066	-1.0049
26.390	-0.9879
26.719	-0.9711
27.051	-0.9548
27.388	-0.9388
27.729	-0.9232
28.074	-0.9078
28.424	-0.8927
28.778	-0.8779
29.136	-0.8633
29.499	-0.8490
29.866	-0.8349
30.238	-0.8210
30.614	-0.8074
30.995	-0.7939
31.381	-0.7805
31.772	-0.7673
32.167	-0.7543
32.568	-0.7413
32.973	-0.7285
33.383	-0.7157
33.799	-0.7030
34.220	-0.6903
34.646	-0.6777
35.077	-0.6651
35.514	-0.6522
35.956	-0.6395
36.403	-0.6269
36.857	-0.6145
37.315	-0.6020
37.780	-0.5897
38.250	-0.5773
38.726	-0.5649
39.209	-0.5526
39.697	-0.5402
40.191	-0.5275
40.691	-0.5149
41.198	-0.5022
41.711	-0.4898
42.230	-0.4775
42.756	-0.4657
43.288	-0.4543
43.827	-0.4434
44.372	-0.4327
44.925	-0.4224
45.484	-0.4124
46.050	-0.4027
46.623	-0.3932
47.204	-0.3840
47.791	-0.3750
48.386	-0.3664
48.989	-0.3579
49.599	-0.3496
50.216	-0.3414
50.841	-0.3334
51.474	-0.3255
52.115	-0.3176
52.764	-0.3099
53.420	-0.3021
54.085	-0.2945
54.759	-0.2868
55.440	-0.2790
56.131	-0.2712
56.829	-0.2631
57.537	-0.2551
58.253	-0.2472
58.978	-0.2394
59.712	-0.2318
60.456	-0.2245
61.208	-0.2176
61.970	-0.2112
62.742	-0.2052
63.523	-0.1998
64.314	-0.1949
65.114	-0.1905
65.925	-0.1865
66.745	-0.1829
67.576	-0.1797
68.418	-0.1767
69.269	-0.1739
70.132	-0.1712
71.005	-0.1685
71.889	-0.1658
72.784	-0.1632
73.690	-0.1607
74.607	-0.1583
75.536	-0.1562
76.476	-0.1542
77.428	-0.1525
78.392	-0.1510
79.368	-0.1497
80.356	-0.1487
81.356	-0.1478
82.369	-0.1471
83.394	-0.1466
84.433	-0.1462
85.484	-0.1460
86.548	-0.1458
87.625	-0.1457
88.716	-0.1455
89.820	-0.1454
90.939	-0.1454
92.071	-0.1454
93.217	-0.1456
94.377	-0.1458
95.552	-0.1461
96.742	-0.1466
97.946	-0.1470
99.165	-0.1476
100.400	-0.1482
101.650	-0.1489
102.915	-0.1495
104.196	-0.1503
105.493	-0.1511
106.806	-0.1520
108.136	-0.1529
109.482	-0.1538
110.845	-0.1547
112.225	-0.1557
113.622	-0.1568
115.037	-0.1579
116.469	-0.1590
117.919	-0.1601
119.386	-0.1612
120.873	-0.1622
122.377	-0.1631
123.901	-0.1639
125.443	-0.1646
127.005	-0.1651
128.586	-0.1654
130.187	-0.1656
131.807	-0.1656
133.448	-0.1656
135.109	-0.1654
136.791	-0.1653
138.494	-0.1651
140.218	-0.1650
141.964	-0.1648
143.731	-0.1648
145.520	-0.1650
147.332	-0.1653
149.166	-0.1656
151.023	-0.1660
152.903	-0.1664
154.806	-0.1669
156.734	-0.1673
158.685	-0.1678
160.660	-0.1682
162.660	-0.1686
164.685	-0.1691
166.735	-0.1696
168.811	-0.1701
170.912	-0.1708
173.040	-0.1714
175.194	-0.1721
177.375	-0.1728
179.583	-0.1735
181.819	-0.1742
184.082	-0.1751
186.374	-0.1759
188.694	-0.1768
191.043	-0.1778
193.421	-0.1789
195.829	-0.1802
198.267	-0.1815
200.735	-0.1828
203.234	-0.1842
205.764	-0.1857
208.325	-0.1873
210.919	-0.1890
213.544	-0.1908
216.203	-0.1925
218.894	-0.1943
221.619	-0.1960
224.378	-0.1976
227.171	-0.1993
229.999	-0.2008
232.862	-0.2023
235.761	-0.2037
238.696	-0.2051
241.668	-0.2064
244.676	-0.2077
247.722	-0.2089
250.806	-0.2102
253.928	-0.2114
257.089	-0.2125
260.290	-0.2138
263.530	-0.2150
266.810	-0.2162
270.132	-0.2173
273.495	-0.2185
276.899	-0.2197
280.346	-0.2208
283.836	-0.2218
287.370	-0.2228
290.947	-0.2236
294.569	-0.2245
298.236	-0.2251
301.949	-0.2256
305.708	-0.2260
309.513	-0.2261
313.366	-0.2261
317.267	-0.2259
321.217	-0.2253
325.216	-0.2243
329.264	-0.2230
333.363	-0.2214
337.513	-0.2195
341.715	-0.2172
345.969	-0.2147
350.276	-0.2120
354.636	-0.2092
359.051	-0.2062
363.521	-0.2032
368.046	-0.2001
372.628	-0.1969
377.266	-0.1936
381.963	-0.1903
386.718	-0.1868
391.532	-0.1833
396.406	-0.1797
401.341	-0.1761
406.337	-0.1723
411.395	-0.1686
416.517	-0.1648
421.702	-0.1609
426.951	-0.1570
432.266	-0.1530
437.648	-0.1489
443.096	-0.1447
448.612	-0.1404
454.196	-0.1361
459.851	-0.1318
465.575	-0.1273
471.371	-0.1229
477.239	-0.1183
483.180	-0.1139
489.195	-0.1095
495.285	-0.1051
501.450	-0.1007
507.693	-0.0964
514.013	-0.0922
520.412	-0.0882
526.890	-0.0842
533.449	-0.0804
540.090	-0.0769
546.814	-0.0736
553.621	-0.0707
560.513	-0.0680
567.490	-0.0655
574.555	-0.0632
581.707	-0.0611
588.949	-0.0590
596.281	-0.0572
603.703	-0.0555
611.219	-0.0539
618.828	-0.0525
626.531	-0.0512
634.331	-0.0500
642.228	-0.0490
650.222	-0.0481
658.317	-0.0473
666.512	-0.0466
674.809	-0.0460
683.210	-0.0455
691.715	-0.0450
700.326	-0.0447
709.044	-0.0443
717.871	-0.0440
726.807	-0.0437
735.855	-0.0434
745.016	-0.0430
754.290	-0.0427
763.680	-0.0423
773.187	-0.0418
782.812	-0.0411
792.557	-0.0404
802.424	-0.0396
812.413	-0.0387
822.526	-0.0376
832.766	-0.0362
843.133	-0.0345
853.629	-0.0327
864.255	-0.0306
875.014	-0.0282
885.907	-0.0256
896.935	-0.0227
908.101	-0.0197
919.406	-0.0163
930.851	-0.0127
942.439	-0.0089
954.171	-0.0049
966.049	-0.0006
978.076	0.0040
990.251	0.0089
1002.580	0.0226
1015.060	0.0313
1027.700	0.0403
1040.490	0.0498
1053.440	0.0598
1066.560	0.0700
1079.830	0.0806
1093.280	0.0915
1106.890	0.1027
1120.670	0.1143
1134.620	0.1262
1148.740	0.1382
1163.040	0.1506
1177.520	0.1632
1192.180	0.1705
1207.020	0.1766
1222.050	0.1827
1237.260	0.1889
1252.660	0.1950
1268.250	0.2010
1284.040	0.2069
1300.030	0.2126
1316.210	0.2182
1332.600	0.2238
1349.190	0.2289
1365.980	0.2339
1382.980	0.2385
1400.200	0.2426
1417.630	0.2465
1435.280	0.2499
1453.150	0.2530
1471.240	0.2557
1489.550	0.2582
1508.100	0.2603
1526.870	0.2621
1545.880	0.2636
1565.120	0.2648
1584.600	0.2657
1604.330	0.2662
1624.300	0.2664
1644.520	0.2664
1665.000	0.2659
1685.720	0.2652
1706.710	0.2643
1727.950	0.2630
1749.470	0.2615
1771.240	0.2598
1793.290	0.2580
1815.620	0.2560
1838.220	0.2539
1861.100	0.2518
1884.270	0.2496
1907.730	0.2472
1931.480	0.2451
1955.520	0.2429
1979.870	0.2412
2004.510	0.2399
2029.470	0.2392
2054.730	0.2390
2080.310	0.2394
2106.210	0.2403
2132.430	0.2416
2158.970	0.2435
2185.850	0.2458
2213.060	0.2484
2240.610	0.2516
2268.500	0.2551
2296.740	0.2591
2325.330	0.2633
2354.280	0.2679
2383.590	0.2727
2413.260	0.2777
2443.300	0.2828
2473.720	0.2880
2504.510	0.2936
2535.690	0.3007
2567.260	0.3077
2599.220	0.3149
2631.580	0.3220
2664.330	0.3291
2697.500	0.3362
2731.080	0.3432
2765.080	0.3501
2799.500	0.3570
2834.350	0.3636
2869.640	0.3700
2905.360	0.3762
2941.530	0.3821
2978.150	0.3878
3015.220	0.3931
3052.760	0.3982
3090.760	0.4029
3129.240	0.4072
3168.190	0.4110
3207.630	0.4145
3247.560	0.4172
3287.990	0.4191
3328.920	0.4200
3370.360	0.4199
3412.320	0.4186
3454.800	0.4162
3497.810	0.4126
3541.350	0.4078
3585.440	0.4018
3630.070	0.3946
3675.260	0.3861
3721.010	0.3764
3767.330	0.3654
3814.230	0.3530
3861.720	0.3394
3909.790	0.3246
3958.460	0.3085
4007.740	0.2911
4057.630	0.2726
4108.140	0.2529
4159.280	0.2320
4211.060	0.2099
4263.480	0.1851
4316.560	0.1545
4370.290	0.1225
4424.700	0.0893
4479.780	0.0547
4535.550	0.0188
4592.010	-0.0184
4649.170	-0.0568
4707.050	-0.0965
4765.650	-0.1374
4824.980	-0.1792
4885.040	-0.2222
4945.850	-0.2663
5007.420	-0.3114
5069.760	-0.3576
5132.870	-0.4049
5196.770	-0.4534
5261.460	-0.5030
5326.960	-0.5537
5393.270	-0.6056
5460.410	-0.6587
5528.390	-0.7131
5597.210	-0.7687
5666.890	-0.8256
5737.430	-0.8839
5808.860	-0.9435
5881.170	-1.0042
5954.380	-1.0661
6028.510	-1.1283
6103.560	-1.1901
6179.540	-1.2531
6256.460	-1.3173
6334.350	-1.3826
6413.200	-1.4490
6493.040	-1.5164
6573.870	-1.5848
6655.710	-1.6541
6738.560	-1.7242
6822.450	-1.7949
6907.380	-1.8662
6993.370	-1.9376
7080.430	-2.0091
7168.570	-2.0804
7257.810	-2.1517
7348.160	-2.2226
7439.630	-2.2936
7532.250	-2.3646
7626.020	-2.4358
7720.950	-2.5073
7817.060	-2.5795
7914.380	-2.6527
8012.900	-2.7272
8112.650	-2.8027
8213.640	-2.8796
8315.890	-2.9578
8419.420	-3.0372
8524.230	-3.1194
8630.340	-3.2080
8737.780	-3.2976
8846.550	-3.3883
8956.680	-3.4800
9068.180	-3.5723
9181.070	-3.6651
9295.360	-3.7580
9411.080	-3.8511
9528.230	-3.9445
9646.850	-4.0384
9766.940	-4.1331
9888.530	-4.2285
10011.600	-4.3247
10136.300	-4.4220
10262.400	-4.5202
10390.200	-4.6195
10519.500	-4.7199
10650.500	-4.8216
10783.100	-4.9243
10917.300	-5.0280
11053.200	-5.1327
11190.800	-5.2385
11330.100	-5.3452
11471.200	-5.4532
11614.000	-5.5626
11758.600	-5.6737
11904.900	-5.7864
12053.100	-5.9012
12203.200	-6.0178
12355.100	-6.1364
12508.900	-6.2567
12664.600	-6.3785
12822.300	-6.5019
12981.900	-6.6265
13143.500	-6.7520
13307.100	-6.8784
13472.800	-7.0053
13640.500	-7.1329
13810.300	-7.2612
13982.200	-7.3897
14156.300	-7.5094
14332.500	-7.6282
14511.000	-7.7477
14691.600	-7.8677
14874.500	-7.9884
15059.700	-8.1099
15247.100	-8.2326
15436.900	-8.3567
15629.100	-8.4822
15823.700	-8.6092
16020.700	-8.7375
16220.100	-8.8667
16422.000	-8.9967
16626.400	-9.1274
16833.400	-9.2583
17043.000	-9.3895
17255.100	-9.5206
17469.900	-9.6515
17687.400	-9.7961
17907.600	-9.9346
18130.500	-10.0742
18356.200	-10.2151
18584.800	-10.3574
18816.100	-10.5011
19050.300	-10.6464
19287.500	-10.7932
19527.600	-10.9416
19770.700	-11.0915
20016.800	-11.2418
